93.936420 94.000000
94.995384 94.000000
94.443958 94.000000
94.427090 94.000000
93.593870 94.000000
94.506670 94.000000
94.768037 94.000000
94.446228 94.000000
94.471231 94.000000
94.821108 94.000000
93.911236 94.000000
93.853612 94.000000
94.018172 94.000000
94.874445 94.000000
93.891375 94.000000
94.229455 94.000000
94.353284 94.000000
94.372835 94.000000
93.819394 94.000000
94.829045 94.000000
93.713855 94.000000
94.726579 94.000000
95.052046 94.000000
94.463432 94.000000
94.398702 94.000000
94.335738 94.000000
94.264689 94.000000
93.957929 94.000000
93.760441 94.000000
94.328960 94.000000
94.053786 94.000000
94.222442 94.000000
94.367302 94.000000
94.751498 94.000000
94.440147 94.000000
93.526169 94.000000
94.167086 94.000000
93.869700 94.000000
94.358018 94.000000
94.718956 94.000000
93.190963 94.000000
94.852349 94.000000
94.178333 94.000000
93.719169 94.000000
93.813218 94.000000
93.980624 94.000000
95.000202 94.000000
94.392290 94.000000
93.693430 94.000000
94.495627 94.000000
93.179392 94.000000
94.214415 94.000000
94.314623 94.000000
93.419302 94.000000
94.627775 94.000000
93.540817 94.000000
93.525762 94.000000
94.242538 94.000000
